Chokepoint:
wall from 18,38 to 11,28
000000000000000000222222222222222222100
000000000000000000222222222222222222100
000000000000000000222222222222222222100
000000000000000000222222222222222222100
000000000000000000222222222222222222100
000000000000000000222222222222222222100
000000000000000000222222222222222222100
000000000000000000222222222222222222100
000000000000000000222222222222222222100
000000000000000000222222222222222222100
000000000000000000222222222222222222100
000000000000000000222222222222222222100
000000000000000000222222222222222222100
000000000000000000222222222222222222100
000000000000000000222222222222222222100
000000000000000000222222222222222222100
000000000000000000222222222222222222100
000000000000000000222222222222222222100
000000000000000000222222222222222222100
000000000000000000222222222222222222100
000000000000000000222222222222222222100
000000000000000000222222222222222222100
000000000000000000222222222222222222100
000000000000000000222222222222222222100
000000000000000000222222222222222222100
000000000000000000222222222222222222100
000000000000000000222222222222222222100
000000000000000000222222222222222222100
000000000000000000222222222222222222100
000000000000000000222222222222222222100
000000000000000000222222222222222222100
000000000000000000222222222222222222100
000000000000000000222222222222222222100
000000000000000000222222222222222222100
000000000000000000222222222222222222100
000000000000000000222222222222222222100
000000000000000000222222222222222222100
000000000000000000222222222222222222100
000000000000000000222222222222222222100
