Chokepoint:
Region 1: 22,-7
Region 2: 16,19
wall from 5,10 to 14,10
444442222222222222210
444442222222222222210
444442222222222222210
444442222222222222210
444442222222222222210
444442222222222221000
444442222222222100000
444442222222222100012
444442222222222100012
444442222222222100012
444442222222222100012
444442222222222000000
444442222222222220000
444442222222222222211
444442222222222222222
444442222222222222222
444442222222222222222
444442222222222222222
444442222222222222222
444442222222222222222
444442222222222222222
