Chokepoint:
wall from 27,2 to 18,0
1111000002222222222222222222222222222100000
1111000002222222222222222222222222222100000
1111000002222222222222222222222222222100000
1111000002222222222222222222222222222100000
1111000002222222222222222222222222222100000
1111000002222222222222222222222222222100000
1111000002222222222222222222222222222100000
1111000002222222222222222222222222222100000
1111000002222222222222222222222222222100000
1111000002222222222222222222222222222100000
1111000002222222222222222222222222222100000
1111000002222222222222222222222222222100000
1111000002222222222222222222222222222100000
1111000002222222222222222222222222222100000
1111000002222222222222222222222222222100000
1111000002222222222222222222222222222100000
1111000002222222222222222222222222222100000
1111000002222222222222222222222222222100000
1111000002222222222222222222222222222100000
1111000002222222222222222222222222222100000
1111000002222222222222222222222222222100000
1111000002222222222222222222222222222100000
1111000002222222222222222222222222222100000
1111000002222222222222222222222222222100000
1111000002222222222222222222222222222100000
1111000002222222222222222222222222222100000
1111000002222222222222222222222222222100000
1111000002222222222222222222222222222100000
1111000002222222222222222222222222222100000
1111000002222222222222222222222222222100000
1111000002222222222222222222222222222100000
1111000002222222222222222222222222222100000
1111000002222222222222222222222222222100000
1111000002222222222222222222222222222100000
1111000002222222222222222222222222222100000
1111000002222222222222222222222222222100000
1111000002222222222222222222222222222100000
1111000002222222222222222222222222222100000
1111000002222222222222222222222222222100000
1111000002222222222222222222222222222100000
1111000002222222222222222222222222222100000
1111000002222222222222222222222222222100000
1111000002222222222222222222222222222100000
