Chokepoint:
wall from 40,12 to 27,10
11111100000011000001222222222222222100001
11111100000011000001222222222222222100001
11111100000011000001222222222222222100001
11111100000011000001222222222222222100001
11111100000011000001222222222222222100001
11111100000011000001222222222222222100001
11111100000011000001222222222222222100001
11111100000011000001222222222222222100001
11111100000011000001222222222222222100001
11111100000011000001222222222222222100001
11111100000011000001222222222222222100001
11111100000011000001222222222222222100001
11111100000011000001222222222222222100001
11111100000011000001222222222222222100001
11111100000011000001222222222222222100001
11111100000011000001222222222222222100001
11111100000011000001222222222222222100001
11111100000011000001222222222222222100001
11111100000011000001222222222222222100001
11111100000011000001222222222222222100001
11111100000011000001222222222222222100001
11111100000011000001222222222222222100001
11111100000011000001222222222222222100001
11111100000011000001222222222222222100001
11111100000011000001222222222222222100001
11111100000011000001222222222222222100001
11111100000011000001222222222222222100001
11111100000011000001222222222222222100001
11111100000011000001222222222222222100001
11111100000011000001222222222222222100001
11111100000011000001222222222222222100001
11111100000011000001222222222222222100001
11111100000011000001222222222222222100001
11111100000011000001222222222222222100001
11111100000011000001222222222222222100001
11111100000011000001222222222222222100001
11111100000011000001222222222222222100001
11111100000011000001222222222222222100001
11111100000011000001222222222222222100001
11111100000011000001222222222222222100001
11111100000011000001222222222222222100001
