Chokepoint 18 26:
wall from 14,22 to 4,4
222221111111111111
222221111111111111
222221111111111111
222221111111111111
210001111111111111
200000111111111111
200000111111111111
000000111111111111
000000111111111111
000011111111111111
001111111111111111
011111111111111111
001111111111111111
011111111111111111
011111111111111111
111111111111111111
011111111111111111
000100111111111111
000000011111111111
000100000111111111
222220000111111111
222222210000111111
222222222100010111
222222222100000222
222222222000000222
222222222100000222
