Chokepoint:
Region 1: 30,29
Region 2: 13,6
wall from 29,0 to 31,13
wall from 0,22 to 13,27
00000111111111111111111111111011002222222
00000111111111111111001111111000002222222
00000111111111111111101111111000002222222
00000111111111111111111111111001002222222
21121111111111111111111111111000002222222
22221111111111111111111111111000002222222
22221111111111111111111111111000102222222
22221111111111111111111111111000112222222
22221111111111111111111111111011002222222
10001111111111111111111111111000002222222
00000111111111111111001111111000002222222
00000111111111111111101111111001002222222
00000111111111111111111111111000002222222
00000111111111111111111111111000122222222
00011111111111111111111111111111222222222
01111111111111111111111111111111222222222
11111111111111111111111111111111222222222
01111111111111111111111111111111222222221
11111111111111111111111111111111222222221
11111111111111111111111111111111222222221
11111111111111111111111111111111111111111
11111111111111111111111111111111111111111
00100111111111111111111111111111111111111
00000011111111111111111111111111111111111
00100000111111111111111111111111111111111
22220000111111111111111111111111111111111
22222210000111111111111111111111111111111
22222222100010111111110011111111111111111
22222222100000222222221222221111111111111
22222222000000222222222222221111111111111
22222222100000222222222222221111111111111
22222222100000222222222222221111111111111
22222222100012222222222222221111111111111
22222222000012222222222222221111111111111
22222222100012222222222222221111111111111
22222210000012222222222222221111111111111
22221000001222222222222222221111111111111
22100000112222222222222222221111111111111
11000012222222222222222222000001111111111
11000122222222222222222210001001111111111
11110022222222222222221000222200000011111
