Chokepoint:
wall from 36,2 to 38,3
000122222222222222222220000000001111111
000122222222222222222220000000001111111
000122222222222222222220000000001111111
000122222222222222222220000000001111111
000122222222222222222220000000001111111
000122222222222222222220000000001111111
000122222222222222222220000000001111111
000122222222222222222220000000001111111
000122222222222222222220000000001111111
000122222222222222222220000000001111111
000122222222222222222220000000001111111
000122222222222222222220000000001111111
000122222222222222222220000000001111111
000122222222222222222220000000001111111
000122222222222222222220000000001111111
000122222222222222222220000000001111111
000122222222222222222220000000001111111
000122222222222222222220000000001111111
000122222222222222222220000000001111111
000122222222222222222220000000001111111
000122222222222222222220000000001111111
000122222222222222222220000000001111111
000122222222222222222220000000001111111
000122222222222222222220000000001111111
000122222222222222222220000000001111111
000122222222222222222220000000001111111
000122222222222222222220000000001111111
000122222222222222222220000000001111111
000122222222222222222220000000001111111
000122222222222222222220000000001111111
000122222222222222222220000000001111111
000122222222222222222220000000001111111
000122222222222222222220000000001111111
000122222222222222222220000000001111111
000122222222222222222220000000001111111
000122222222222222222220000000001111111
000122222222222222222220000000001111111
000122222222222222222220000000001111111
000122222222222222222220000000001111111
