Chokepoint:
Region 1: 31,18
Region 2: -4,16
wall from 38,18 to 28,11
000000000000000000222222222222222222100
000000000000000000222222222222222222221
000000000000000000112222222222222222221
000010001110100000002222222222222222100
011110011100111100000022222222222210000
111111111111111100000000222222221000001
111111111111111111000000002222100000112
111111111111111111111000000110000012222
111111111111111111111110000000001222222
111111111111111111111111000000122222222
111111111111111111111111011112222222222
111111111111111111111111111122222222222
111111111111111111111111111122222222222
111111111111111111111111111122222222222
111111111111111111111111111122222222222
111111111111111111111111111122222222222
111111001111111111111111111122222222222
111111101111111111111111111122222222222
111111111111111111111111111122222222222
111111111111111111111111111111111111111
111111111111111111111111111111111111111
111111111111111111111111111111111111111
111111111111111111111111111111111111111
111111111111111111111111111111111111111
111111111111111111111111111111111111111
111111111111111111111111111111111111111
111111111111111111111111111111111111111
111110000011111122222222111111111111111
100010011100100022222222111111111111111
101101000001010022222222111111111111111
100000000000000022222222111111111111111
220000122200001222222222111111111111111
222222222222222222222222111111111111111
222222222222222222222222111111111111111
222222222222222222222222100011111111111
222222222222222222222210010011111111111
222222222222222222222210000011111100111
222222222222222222222210000011111110111
222222222222222222222210110011111111111
