Chokepoint:
wall from 17,40 to 9,28
11111100000011000001222222222222222100001
11111100000011000001222222222222222100001
11111100000011000001222222222222222100001
11111100000011000001222222222222222100001
11111100000011000001222222222222222100001
11111100000011000001222222222222222100001
11111100000011000001222222222222222100001
11111100000011000001222222222222222100001
11111100000011000001222222222222222100001
11111100000011000001222222222222222100001
11111100000011000001222222222222222100001
11111100000011000001222222222222222100001
11111100000011000001222222222222222100001
11111100000011000001222222222222222100001
11111100000011000001222222222222222100001
11111100000011000001222222222222222100001
11111100000011000001222222222222222100001
11111100000011000001222222222222222100001
11111100000011000001222222222222222100001
11111100000011000001222222222222222100001
11111100000011000001222222222222222100001
11111100000011000001222222222222222100001
11111100000011000001222222222222222100001
11111100000011000001222222222222222100001
11111100000011000001222222222222222100001
11111100000011000001222222222222222100001
11111100000011000001222222222222222100001
11111100000011000001222222222222222100001
11111100000011000001222222222222222100001
11111100000011000001222222222222222100001
11111100000011000001222222222222222100001
11111100000011000001222222222222222100001
11111100000011000001222222222222222100001
11111100000011000001222222222222222100001
11111100000011000001222222222222222100001
11111100000011000001222222222222222100001
11111100000011000001222222222222222100001
11111100000011000001222222222222222100001
11111100000011000001222222222222222100001
11111100000011000001222222222222222100001
11111100000011000001222222222222222100001
