Chokepoint:
Region 1: -3,26
Region 2: 4,0
wall from 6,10 to 15,10
222222222222222244444
222222222222222244444
222222222222222244444
222222222222222244444
222222222222222244444
222222222222222244444
112222222222222244444
100022222222222244444
000001222222222244444
000000222222222244444
120000222222222244444
220000222222222244444
220001222222222244444
220000222222222244444
100012222222222244444
002222222222222244444
012222222222222244444
002222222222222244444
012222222222222244444
002222222222222244444
002222222222222244444
