Chokepoint:
wall from 0,29 to 13,31
00000111111111111111111111111011002222222
00000111111111111111111111111011002222222
00000111111111111111111111111011002222222
00000111111111111111111111111011002222222
00000111111111111111111111111011002222222
00000111111111111111111111111011002222222
00000111111111111111111111111011002222222
00000111111111111111111111111011002222222
00000111111111111111111111111011002222222
00000111111111111111111111111011002222222
00000111111111111111111111111011002222222
00000111111111111111111111111011002222222
00000111111111111111111111111011002222222
00000111111111111111111111111011002222222
00000111111111111111111111111011002222222
00000111111111111111111111111011002222222
00000111111111111111111111111011002222222
00000111111111111111111111111011002222222
00000111111111111111111111111011002222222
00000111111111111111111111111011002222222
00000111111111111111111111111011002222222
00000111111111111111111111111011002222222
00000111111111111111111111111011002222222
00000111111111111111111111111011002222222
00000111111111111111111111111011002222222
00000111111111111111111111111011002222222
00000111111111111111111111111011002222222
00000111111111111111111111111011002222222
00000111111111111111111111111011002222222
00000111111111111111111111111011002222222
00000111111111111111111111111011002222222
00000111111111111111111111111011002222222
00000111111111111111111111111011002222222
00000111111111111111111111111011002222222
00000111111111111111111111111011002222222
00000111111111111111111111111011002222222
00000111111111111111111111111011002222222
00000111111111111111111111111011002222222
00000111111111111111111111111011002222222
00000111111111111111111111111011002222222
00000111111111111111111111111011002222222
