Chokepoint:
Region 1: 4,20
Region 2: -3,-6
wall from 6,10 to 15,10
012222222222222244444
002222222222222244444
002222222222222244444
002222222222222244444
012222222222222244444
002222222222222244444
002222222222222244444
000022222222222244444
000001222222222244444
210000222222222244444
220000222222222244444
220000222222222244444
220000222222222244444
000000222222222244444
100012222222222244444
112222222222222244444
222222222222222244444
222222222222222244444
222222222222222244444
222222222222222244444
222222222222222244444
