Chokepoint:
wall from 0,38 to 3,38
22222222100100111111111111111111111111000
22222222100100111111111111111111111111000
22222222100100111111111111111111111111000
22222222100100111111111111111111111111000
22222222100100111111111111111111111111000
22222222100100111111111111111111111111000
22222222100100111111111111111111111111000
22222222100100111111111111111111111111000
22222222100100111111111111111111111111000
22222222100100111111111111111111111111000
22222222100100111111111111111111111111000
22222222100100111111111111111111111111000
22222222100100111111111111111111111111000
22222222100100111111111111111111111111000
22222222100100111111111111111111111111000
22222222100100111111111111111111111111000
22222222100100111111111111111111111111000
22222222100100111111111111111111111111000
22222222100100111111111111111111111111000
22222222100100111111111111111111111111000
22222222100100111111111111111111111111000
22222222100100111111111111111111111111000
22222222100100111111111111111111111111000
22222222100100111111111111111111111111000
22222222100100111111111111111111111111000
22222222100100111111111111111111111111000
22222222100100111111111111111111111111000
22222222100100111111111111111111111111000
22222222100100111111111111111111111111000
22222222100100111111111111111111111111000
22222222100100111111111111111111111111000
22222222100100111111111111111111111111000
22222222100100111111111111111111111111000
22222222100100111111111111111111111111000
22222222100100111111111111111111111111000
22222222100100111111111111111111111111000
22222222100100111111111111111111111111000
22222222100100111111111111111111111111000
22222222100100111111111111111111111111000
22222222100100111111111111111111111111000
22222222100100111111111111111111111111000
