Chokepoint:
wall from 22,0 to 27,13
00000111111111111111111111111011002222222
00000111111111111111111111111011002222222
00000111111111111111111111111011002222222
00000111111111111111111111111011002222222
00000111111111111111111111111011002222222
00000111111111111111111111111011002222222
00000111111111111111111111111011002222222
00000111111111111111111111111011002222222
00000111111111111111111111111011002222222
00000111111111111111111111111011002222222
00000111111111111111111111111011002222222
00000111111111111111111111111011002222222
00000111111111111111111111111011002222222
00000111111111111111111111111011002222222
00000111111111111111111111111011002222222
00000111111111111111111111111011002222222
00000111111111111111111111111011002222222
00000111111111111111111111111011002222222
00000111111111111111111111111011002222222
00000111111111111111111111111011002222222
00000111111111111111111111111011002222222
00000111111111111111111111111011002222222
00000111111111111111111111111011002222222
00000111111111111111111111111011002222222
00000111111111111111111111111011002222222
00000111111111111111111111111011002222222
00000111111111111111111111111011002222222
00000111111111111111111111111011002222222
00000111111111111111111111111011002222222
00000111111111111111111111111011002222222
00000111111111111111111111111011002222222
00000111111111111111111111111011002222222
00000111111111111111111111111011002222222
00000111111111111111111111111011002222222
00000111111111111111111111111011002222222
00000111111111111111111111111011002222222
00000111111111111111111111111011002222222
00000111111111111111111111111011002222222
00000111111111111111111111111011002222222
00000111111111111111111111111011002222222
00000111111111111111111111111011002222222
