Chokepoint:
Region 1: 16,14
Region 2: 3,8
wall from 8,16 to 12,9
22222100000000000000000
22222221000100000000000
22222222211100000000000
22222222210000000000000
22222222222221000000000
22222222222221000000000
21221222222211000100010
22222222222211222222222
21212122222210122222222
22222222222222222222222
12121212222222222222222
22222222222222222222222
12121212222222222222222
12222222222222222222222
11121212222222222222222
11111222222222222222222
11111112222222222222222
11111110012222222222222
11111110012222222222222
11111000012222222222222
11110000022222222222222
11110000012222222222210
11111100000100010001000
