Chokepoint:
wall from 16,30 to 12,29
2222220000000000001222221111111
2222220000000000001222221111111
2222220000000000001222221111111
2222220000000000001222221111111
2222220000000000001222221111111
2222220000000000001222221111111
2222220000000000001222221111111
2222220000000000001222221111111
2222220000000000001222221111111
2222220000000000001222221111111
2222220000000000001222221111111
2222220000000000001222221111111
2222220000000000001222221111111
2222220000000000001222221111111
2222220000000000001222221111111
2222220000000000001222221111111
2222220000000000001222221111111
2222220000000000001222221111111
2222220000000000001222221111111
2222220000000000001222221111111
2222220000000000001222221111111
2222220000000000001222221111111
2222220000000000001222221111111
2222220000000000001222221111111
2222220000000000001222221111111
2222220000000000001222221111111
2222220000000000001222221111111
2222220000000000001222221111111
2222220000000000001222221111111
2222220000000000001222221111111
2222220000000000001222221111111
