Chokepoint:
Region 1: -1,16
Region 2: 19,8
wall from 1,16 to 10,19
222221000100000001111
222100000000000001111
000000000000011111111
000000000001111111111
000000011111111111111
000000011111111111111
000000011111111111111
000000011111111111111
000001111111111111111
000001111111111111111
000011111111111111111
000111111111111111111
111111111111111111111
211111111111111111111
121111111111111011111
211111111111100011111
121112111111000111111
222222222221000111111
121212121211000111111
222222222221000011111
121212121210000011111
