Chokepoint:
wall from 20,26 to 9,11
222221111222222222222222222210002
222221111222222222222222222210002
222221111222222222222222222210002
222221111222222222222222222210002
222221111222222222222222222210002
222221111222222222222222222210002
222221111222222222222222222210002
222221111222222222222222222210002
222221111222222222222222222210002
222221111222222222222222222210002
222221111222222222222222222210002
222221111222222222222222222210002
222221111222222222222222222210002
222221111222222222222222222210002
222221111222222222222222222210002
222221111222222222222222222210002
222221111222222222222222222210002
222221111222222222222222222210002
222221111222222222222222222210002
222221111222222222222222222210002
222221111222222222222222222210002
222221111222222222222222222210002
222221111222222222222222222210002
222221111222222222222222222210002
222221111222222222222222222210002
222221111222222222222222222210002
222221111222222222222222222210002
222221111222222222222222222210002
222221111222222222222222222210002
222221111222222222222222222210002
222221111222222222222222222210002
222221111222222222222222222210002
222221111222222222222222222210002
