Chokepoint:
wall from 16,8 to 9,12
22222100000000000000000
22222100000000000000000
22222100000000000000000
22222100000000000000000
22222100000000000000000
22222100000000000000000
22222100000000000000000
22222100000000000000000
22222100000000000000000
22222100000000000000000
22222100000000000000000
22222100000000000000000
22222100000000000000000
22222100000000000000000
22222100000000000000000
22222100000000000000000
22222100000000000000000
22222100000000000000000
22222100000000000000000
22222100000000000000000
22222100000000000000000
22222100000000000000000
22222100000000000000000
