Chokepoint:
Region 1: 7,23
Region 2: 14,1
wall from 18,9 to 6,4
100122222222222222222
000000121212121212222
000000222222222222222
000010212121212121222
000022222222222222222
000000111121212121222
000000011111222222222
000000011111112121222
000001111111111122222
000011111111111111222
001111111111111111001
001222111111111111001
001222221111111100001
001222221111111000002
001222111111111000001
001211111111111110000
001111111111111110000
011111111111111110000
011111111111111110000
001111111121111110000
001111111111211110000
