Chokepoint:
Region 1: -11,17
Region 2: 23,10
wall from 30,16 to 29,12
wall from 9,6 to 8,25
2222220000000000001222221111111
2222220000000000001222111111111
1111221100000000001211111111111
1111112211000000001111111111111
1111112222000000011111111111111
1122222222000000011111111111111
1122222222100000001111111121111
2222222211000000001111111111211
2222222211101010111111111111111
2222222211111111111111111111111
2222222211111111111111111111111
2222222211111111111111111111111
2222222211111111111111111111100
2222222222111111111111111111100
2222222222111111111111111111000
2222222222111111111111111111000
2222222222111111111111111111110
2222222222111111111111111111111
2222222222111111111111111111111
2222222211111111111111111111111
2222222211111111111111111111100
2222222211111111111111111111100
2222222211111111111111111111100
2222222211111010111111111111100
2222222211100000001111111111000
2222222222000000001000000010000
2222222222100000000000000010000
2222222222000000000000000000000
2112111122100000000000000000000
2111121110000000000010000000000
2222111100000000000000000000000
