Chokepoint:
wall from 20,10 to 12,0
111111111111111111000000000
111111111111111111000000000
111111111111111111000000000
111111111111111111000000000
111111111111111111000000000
111111111111111111000000000
111111111111111111000000000
111111111111111111000000000
111111111111111111000000000
111111111111111111000000000
111111111111111111000000000
111111111111111111000000000
111111111111111111000000000
111111111111111111000000000
111111111111111111000000000
111111111111111111000000000
111111111111111111000000000
111111111111111111000000000
111111111111111111000000000
111111111111111111000000000
111111111111111111000000000
111111111111111111000000000
111111111111111111000000000
111111111111111111000000000
111111111111111111000000000
111111111111111111000000000
111111111111111111000000000
