Chokepoint:
wall from 32,1 to 29,3
222221111222222222222222222210002
222221111222222222222222222210002
222221111222222222222222222210002
222221111222222222222222222210002
222221111222222222222222222210002
222221111222222222222222222210002
222221111222222222222222222210002
222221111222222222222222222210002
222221111222222222222222222210002
222221111222222222222222222210002
222221111222222222222222222210002
222221111222222222222222222210002
222221111222222222222222222210002
222221111222222222222222222210002
222221111222222222222222222210002
222221111222222222222222222210002
222221111222222222222222222210002
222221111222222222222222222210002
222221111222222222222222222210002
222221111222222222222222222210002
222221111222222222222222222210002
222221111222222222222222222210002
222221111222222222222222222210002
222221111222222222222222222210002
222221111222222222222222222210002
222221111222222222222222222210002
222221111222222222222222222210002
222221111222222222222222222210002
222221111222222222222222222210002
222221111222222222222222222210002
222221111222222222222222222210002
222221111222222222222222222210002
222221111222222222222222222210002
