Chokepoint:
Region 1: 20,15
Region 2: 5,4
wall from 6,12 to 14,8
012222221100210000001
000122222222220000000
000022222222220000000
100022222222222100000
222222222222222200000
222222222222222200000
222222222222222001000
222222222222222001000
222222222222222111100
222222222222222222210
222222222222222222211
222222222222222222222
011101222222222222212
000000222222222222222
000000222222222222212
000000022222222222222
000000002222222222212
000000002222222222222
000000000122222222212
000000000001222222222
000000000000012222212
