Chokepoint:
wall from 10,23 to 0,18
111111111111111111000000000
111111111111111111000000000
111111111111111111000000000
111111111111111111000000000
111111111111111111000000000
111111111111111111000000000
111111111111111111000000000
111111111111111111000000000
111111111111111111000000000
111111111111111111000000000
111111111111111111000000000
111111111111111111000000000
111111111111111111000000000
111111111111111111000000000
111111111111111111000000000
111111111111111111000000000
111111111111111111000000000
111111111111111111000000000
111111111111111111000000000
111111111111111111000000000
111111111111111111000000000
111111111111111111000000000
111111111111111111000000000
111111111111111111000000000
111111111111111111000000000
111111111111111111000000000
111111111111111111000000000
