Chokepoint:
Region 1: 3,12
Region 2: 20,6
wall from 9,7 to 13,13
000000000000000002121
000000000000000112222
000000000000010212121
100000000001122222222
110000000102121212121
111000011222222222222
111101021212121212121
111112222222222222222
111112121212121212222
111222222222222222222
121212121212222222222
222222222222222222222
121212222222222221101
222222222222222110000
121222222222210000000
222222222222210000000
222222222222210000000
222222222222210000000
222222222222210000000
222222222111000000000
222222222100000000000
