Chokepoint:
wall from 20,5 to 20,6
222222222222211111000000000000000
222222222222211111000000000000000
222222222222211111000000000000000
222222222222211111000000000000000
222222222222211111000000000000000
222222222222211111000000000000000
222222222222211111000000000000000
222222222222211111000000000000000
222222222222211111000000000000000
222222222222211111000000000000000
222222222222211111000000000000000
222222222222211111000000000000000
222222222222211111000000000000000
222222222222211111000000000000000
222222222222211111000000000000000
222222222222211111000000000000000
222222222222211111000000000000000
222222222222211111000000000000000
222222222222211111000000000000000
222222222222211111000000000000000
222222222222211111000000000000000
222222222222211111000000000000000
222222222222211111000000000000000
222222222222211111000000000000000
222222222222211111000000000000000
222222222222211111000000000000000
222222222222211111000000000000000
222222222222211111000000000000000
222222222222211111000000000000000
222222222222211111000000000000000
222222222222211111000000000000000
222222222222211111000000000000000
222222222222211111000000000000000
