Chokepoint 27 24:
wall from 23,4 to 4,20
112211112111111111111111000
111122111121111111111111110
111111221122211110001111111
111111112210000000000011111
111111001000000000000000111
111100000000000000000000111
111000000000000000000000111
111110000000000000000000111
111110000000000000000000111
111110000000000000000000111
111110000000000000000000011
111110000000000000000000111
111110000000000000000000111
111110000000000000000000111
111110000000000000000000111
111110000000000000000000011
111110000000000000000000111
111110000000000000000011111
111110000000000000001111111
111100000000000001111111111
111100021100000111111111100
111111001122111111111111100
111111101111111111111111110
111111111111111111111111111
