Chokepoint:
Region 1: 30,21
Region 2: 0,-1
wall from 5,20 to 6,20
222222222222211111000000000000000
222222222222211111000000000000000
222222222222211111000000000000000
222222222222211111000000000000000
222222222222211111000000000000000
222222222222211111000000000000000
222222222222211110000000000000111
222222222222211110002110000011111
222222222221111111100112211111111
222222222111111111110111111111111
222222211111111111111111111111111
222221111111111112211111111112222
222111111111111221111111111222222
211111111111122111111111122222222
111111111122211111111111122222222
011111111221111111111111122222222
001111222111111111111111122221111
000112211111111111111111122111111
011111111111111111111111111111111
000121111111111111111111111111111
000002211111111111111111122111111
000000122111111111111111122221111
000000000221111111111111122222222
000000000002211111111111122222222
200000000000012111111111122222222
210000000000000221111111111222222
210000000000000002211111111112222
210000000000000001222111111111111
210000000000000001222221111111111
210000000000000001222222211111111
210000000000000001222222222111111
210000000000000001222222222221111
210000000000000001222222222222222
