Chokepoint:
wall from 18,24 to 12,11
2222222222222222100011000
2222222222222222100011000
2222222222222222100011000
2222222222222222100011000
2222222222222222100011000
2222222222222222100011000
2222222222222222100011000
2222222222222222100011000
2222222222222222100011000
2222222222222222100011000
2222222222222222100011000
2222222222222222100011000
2222222222222222100011000
2222222222222222100011000
2222222222222222100011000
2222222222222222100011000
2222222222222222100011000
2222222222222222100011000
2222222222222222100011000
2222222222222222100011000
2222222222222222100011000
2222222222222222100011000
2222222222222222100011000
2222222222222222100011000
2222222222222222100011000
