Chokepoint:
Region 1: 1,11
Region 2: 39,3
wall from 18,6 to 16,21
wall from 5,7 to 5,21
22222222100000000000000000001
22221010000000000000000000001
22221000000000000000000011011
22221000100000000000000022111
22221000010000100000001022111
22222100011111000010222222211
22222201111111001122222222211
22222211111111111222222222221
22222211111111112222222222221
22222211111111112222222222222
22222211111111112222222222222
22222211111111112222222222222
22222211111111112222222222222
22222211111111112222222222222
22222211111111112222222222222
22222211111111112222222222222
22222211111111112222222222222
22222211111111112222222222222
22222211111111112222222222222
22222211111111112222222222222
22222211111111112222222222222
22222210022221012222222222221
22221000122221001000222211011
22100011222222000000001000000
10001122222222111111000011110
00112222222222222222111122221
11222222222222222222222222222
22222222222222222222222222222
22222222222222222222222222222
