Chokepoint:
wall from 7,26 to 22,24
22222222222222222222222210000
22222222222222222222222210000
22222222222222222222222210000
22222222222222222222222210000
22222222222222222222222210000
22222222222222222222222210000
22222222222222222222222210000
22222222222222222222222210000
22222222222222222222222210000
22222222222222222222222210000
22222222222222222222222210000
22222222222222222222222210000
22222222222222222222222210000
22222222222222222222222210000
22222222222222222222222210000
22222222222222222222222210000
22222222222222222222222210000
22222222222222222222222210000
22222222222222222222222210000
22222222222222222222222210000
22222222222222222222222210000
22222222222222222222222210000
22222222222222222222222210000
22222222222222222222222210000
22222222222222222222222210000
22222222222222222222222210000
22222222222222222222222210000
22222222222222222222222210000
22222222222222222222222210000
