Chokepoint:
Region 1: 16,2
Region 2: 15,23
wall from 7,12 to 21,12
1000001022222222222211111
0000000022222222222222111
1100000022222222222222222
1000000022222222222222222
0000001122222222222222222
0000112222222222222222221
0000012222222222222222221
0000002222222222222222221
1100002222222222222222222
2210002222222222222222221
2200001222222222222222100
1000001222222222222222100
1000001222222222222222100
1000001222222222221010000
2100002222222222221000000
2211112222222222221000100
2222222222222222221000010
2222222222222222222100011
2222222222222222222201111
2222222222222222222211111
2222222222222222222211111
2222222222222222222211111
2222222222222222222211111
2222222222222222222211111
0122222222222222222211111
