Chokepoint 19 26:
wall from 4,4 to 15,22
1000001111111111112
0000000111111111111
0000000111111111111
0000001111111111111
0102211111111111111
1222211111111111111
2222221111111111111
2222221111111111111
2222222111111111111
2222222111111111111
2222222211111111111
2222222211111111111
2222222221111111111
2222222221111111111
2222222222111111111
2222222222111111111
2222222222211111111
2222222222211111111
2222222222221111111
2222222222222111111
2222222222222111000
1222222222222111000
1112222222222222100
1111122222222221000
1111111222222221000
1111111112222220000
