Chokepoint:
wall from 24,19 to 19,3
21010000012222222222222111111
21010000012222222222222111111
21010000012222222222222111111
21010000012222222222222111111
21010000012222222222222111111
21010000012222222222222111111
21010000012222222222222111111
21010000012222222222222111111
21010000012222222222222111111
21010000012222222222222111111
21010000012222222222222111111
21010000012222222222222111111
21010000012222222222222111111
21010000012222222222222111111
21010000012222222222222111111
21010000012222222222222111111
21010000012222222222222111111
21010000012222222222222111111
21010000012222222222222111111
21010000012222222222222111111
21010000012222222222222111111
21010000012222222222222111111
21010000012222222222222111111
21010000012222222222222111111
21010000012222222222222111111
21010000012222222222222111111
21010000012222222222222111111
21010000012222222222222111111
21010000012222222222222111111
