Chokepoint:
Region 1: -3,36
Region 2: 14,-2
wall from 7,12 to 19,14
000000002222222222222222222
000000002222222222222210012
000000002222222222222210000
000000112222222222222210000
000000222222222222222210000
000000222222222222222200001
000011222222222222222200002
001222222222222222222200001
000122222222222222222200000
000022222222222222222210000
000022222222222222222221000
001121122222222222222210000
000121022222222222221000000
000010222222222222221000001
000000222222222222221000000
200000112222222222221000000
210001111122222222221000000
111111111111222222222210001
111111111111112222221000002
111111111111111122221000002
011111111111111111221000112
011111111111111111111000122
111111111111111111110000122
111111111111111111000000122
111111111111111110000000222
111111111111111121000000222
221111111111111122000000222
