Chokepoint:
wall from 13,25 to 6,11
21010000012222222222222111111
21010000012222222222222111111
21010000012222222222222111111
21010000012222222222222111111
21010000012222222222222111111
21010000012222222222222111111
21010000012222222222222111111
21010000012222222222222111111
21010000012222222222222111111
21010000012222222222222111111
21010000012222222222222111111
21010000012222222222222111111
21010000012222222222222111111
21010000012222222222222111111
21010000012222222222222111111
21010000012222222222222111111
21010000012222222222222111111
21010000012222222222222111111
21010000012222222222222111111
21010000012222222222222111111
21010000012222222222222111111
21010000012222222222222111111
21010000012222222222222111111
21010000012222222222222111111
21010000012222222222222111111
21010000012222222222222111111
21010000012222222222222111111
21010000012222222222222111111
21010000012222222222222111111
