Chokepoint:
wall from 6,18 to 21,16
00100022222222221000000000122
00000000222222221000000000002
00000000222222100000100000000
00000000112222000001221000000
10101000011111100022222200000
22222100011111000022222200000
22222201111111001122222200000
22222211111111111222222211000
22222211111111112222222222110
22222211111111112222222222220
22222211111111112222222222222
22222211111111112222222222222
22222211111111112222222222222
22222211111111112222222222222
22222211111111112222222222222
22222211111111112222222222222
22222211111111112222222222222
22222211111111112222222222222
22222211111111112222222222222
22222211111111112222222222222
22222211111111112222222222222
22222210000001112222222222222
10011000000000002222222222222
00001000000000002222222222222
00001000000000002222222222222
00000000000000112222222222222
00000000000000222222222222222
00000000000000222222222222222
10000000000011222222222222222
