Chokepoint:
wall from 6,18 to 21,16
22222222100000000000000000001
22222222100000000000000000001
22222222100000000000000000001
22222222100000000000000000001
22222222100000000000000000001
22222222100000000000000000001
22222222100000000000000000001
22222222100000000000000000001
22222222100000000000000000001
22222222100000000000000000001
22222222100000000000000000001
22222222100000000000000000001
22222222100000000000000000001
22222222100000000000000000001
22222222100000000000000000001
22222222100000000000000000001
22222222100000000000000000001
22222222100000000000000000001
22222222100000000000000000001
22222222100000000000000000001
22222222100000000000000000001
22222222100000000000000000001
22222222100000000000000000001
22222222100000000000000000001
22222222100000000000000000001
22222222100000000000000000001
22222222100000000000000000001
22222222100000000000000000001
22222222100000000000000000001
