Chokepoint:
wall from 7,5 to 21,5
00100022222222221000000000122
00100022222222221000000000122
00100022222222221000000000122
00100022222222221000000000122
00100022222222221000000000122
00100022222222221000000000122
00100022222222221000000000122
00100022222222221000000000122
00100022222222221000000000122
00100022222222221000000000122
00100022222222221000000000122
00100022222222221000000000122
00100022222222221000000000122
00100022222222221000000000122
00100022222222221000000000122
00100022222222221000000000122
00100022222222221000000000122
00100022222222221000000000122
00100022222222221000000000122
00100022222222221000000000122
00100022222222221000000000122
00100022222222221000000000122
00100022222222221000000000122
00100022222222221000000000122
00100022222222221000000000122
00100022222222221000000000122
00100022222222221000000000122
00100022222222221000000000122
00100022222222221000000000122
