Chokepoint:
wall from 12,7 to 14,19
000000002222222222222222222
000000002222222222222222222
000000002222222222222222222
000000002222222222222222222
000000002222222222222222222
000000002222222222222222222
000000002222222222222222222
000000002222222222222222222
000000002222222222222222222
000000002222222222222222222
000000002222222222222222222
000000002222222222222222222
000000002222222222222222222
000000002222222222222222222
000000002222222222222222222
000000002222222222222222222
000000002222222222222222222
000000002222222222222222222
000000002222222222222222222
000000002222222222222222222
000000002222222222222222222
000000002222222222222222222
000000002222222222222222222
000000002222222222222222222
000000002222222222222222222
000000002222222222222222222
000000002222222222222222222
