Chokepoint:
wall from 12,7 to 12,21
1000001022222222222211111
1000001022222222222211111
1000001022222222222211111
1000001022222222222211111
1000001022222222222211111
1000001022222222222211111
1000001022222222222211111
1000001022222222222211111
1000001022222222222211111
1000001022222222222211111
1000001022222222222211111
1000001022222222222211111
1000001022222222222211111
1000001022222222222211111
1000001022222222222211111
1000001022222222222211111
1000001022222222222211111
1000001022222222222211111
1000001022222222222211111
1000001022222222222211111
1000001022222222222211111
1000001022222222222211111
1000001022222222222211111
1000001022222222222211111
1000001022222222222211111
