Chokepoint:
wall from 29,16 to 12,26
4442222222222222222222222221000000000000000
4442222222222222222222222222100000000000000
4442222222222222222222222222200000000000000
4442222222222222222222222222200000000000011
4442222222222222222222222222200000000000022
4442222222222222222222222221000000000000000
4442222222222222222222222220000000000000000
4442222222222222222222222221000000000000000
4442222222222222222222222220000000000000000
4442222222222222222222222222100000000000000
4442222222222222222222222221000000000000000
4442222222222222222222222220001000000000000
4442222222222222222222222221000100000000000
4442222222222222222222222221001100010000000
4442222222222222222222222222222000000000000
4442222222222222222222222222222210000000000
4442222222222222222222222222222221100000000
4442222222222222222222222222222222211000000
4442222222222222222222222222222222222100000
4442222222222222222222222222222222222111000
4442222222222222222222222222222222211111000
4442222222222222222222222222222221111111111
4442222222222222222222222222222111111111112
4442222222222222222222222222211111111111122
4442222222222222222222222221111111111112222
4442222222222222222222222111111111111222211
4442222222222222222222211111111111122221111
4442222222222222222221111111111112222221111
4442222222222222222111111111111222222222211
4442222222222222211111111111122222222111111
4442222222222221111111111112222222211111111
4442222222222221111111111222211111111111111
4440022222222100001111122221111111111111111
4440012222222000000112222111111111111111111
4440000000000000000122222111111112222111111
4441000000000000012222222221111112222111111
4440000000000000001222222221111111111111111
4440000000000000000002222111111111111111111
4440000000000000000002211111111111111111111
4440000000000000000001211111111111111111111
4440000000000000000001222111111111111111122
4440000000000001000001222222211111111112222
4440000000000000000000122221111112211112222
