Chokepoint 22 24:
wall from 4,20 to 18,4
1111111111122222101000
1111111112222211100000
1111111222221111110001
1222222222111111111112
2222222211111111122222
2222221111111112222222
2222111111111222222222
2211111111122222222222
1111111112222222222222
1111111222222222222222
1111122222222222222222
1112222222222222222222
1222222222222222222222
2222222222222222222222
2222222222222222222222
2222222222222222222222
2222222222222222222222
2222222222222222222222
2222222222222222222222
0222222222222222222222
0001222222222222222222
0000022222222222222222
0000022222222222222222
0000022222222222222222
