Chokepoint:
wall from 12,7 to 10,17
22222222222221110000000
22222222222221110000000
22222222222221110000000
22222222222221110000000
22222222222221110000000
22222222222221110000000
22222222222221110000000
22222222222221110000000
22222222222221110000000
22222222222221110000000
22222222222221110000000
22222222222221110000000
22222222222221110000000
22222222222221110000000
22222222222221110000000
22222222222221110000000
22222222222221110000000
22222222222221110000000
22222222222221110000000
22222222222221110000000
22222222222221110000000
22222222222221110000000
22222222222221110000000
