Chokepoint:
Region 1: 32,31
Region 2: -20,-16
wall from 16,31 to 30,15
22222221111111111111111220000000000000000000044
22222221111111111111111220000000000000000000044
22222222211112211111122221100000000000000000044
22222222211111111112222222210000000000000000044
22222221111111111111111222210000000000000000044
22222111111111111111111221000000000000000000044
11122111111111111111111221000000000000000000044
11111111111111111111111220000000000000000000044
11111111111111111111122221100000000000000000044
11111111111222211111122222211000000000000000044
22211111111222211111111222222110000000000000044
11111111111111111111111222221010000110000000144
11111111111111111111122222111000000220011100044
11111111111111111112222211111100011220010100144
11111111111112222222221111111111122222222222244
21111111111222222222111111111222222222222222244
11111112222222222211111111122222222222222222244
11111111122222221111111112222222222222222222244
11111111122222111111111222222222222222222222244
11111112222211111111122222222222222222222222244
11111222221111111112222222222222222222222222244
11122222111111111222222222222222222222222222244
22222211111111122222222222222222222222222222244
22221111111112222222222222222222222222222222244
00010111111222222222222222222222222222222222244
00000001122222222222222222222222222222222222244
00000000222222222222222222222222222222222222244
00000001222222222222222222222222222222222222244
00000000022222222222222222222222222222222222244
00000000000222222222222222222222222222222222244
00000000000002222222222222222222222222222222244
00000000000000012222222222222222222222222222244
00000000000000000222222222222222222222222222244
10000000000000000222222222222222222222222222244
21000000000000000222222222222222222222222222244
20000000000000000222222222222222222222222222244
22100000000000000122222222222222222222222222244
22210000000000000002222222222222222222222222244
22200000000000000002222222222222222222222222244
22210000000000000002222222222222222222222222244
22200000000000010002222222222222222222222222244
22210000000000000002222222222222222222222222244
22200000000000000102222222222222222222222222244
22210000000000000001222222222222222222222222244
21000000000000000100012222222222222222222222244
20000000000000000000012220022222222222222221144
20000000000000000001112102222222222222220000044
