Chokepoint:
Region 1: 7,23
Region 2: 14,1
wall from 18,9 to 6,4
100122222222222222222
000000121212121212222
000000222222222222222
000010212121212121222
000022222222222222222
000000111121212121222
000000011111222222222
000000011111112121222
000001111111111122222
000011111111111111222
001111111111111111001
001222111111111111001
001222221111111100001
001222221111111000002
001222111111111000001
001211111111111110000
001111111111111110000
011111111111111110000
011111111111111110000
001111111121111110000
001111111111211110000
Chokepoint:
Region 1: -16,36
Region 2: 13,-3
001
001
111
Chokepoint:
Region 1: 16,14
Region 2: 3,8
wall from 8,16 to 12,9
22222100000000000000000
22222221000100000000000
22222222211100000000000
22222222210000000000000
22222222222221000000000
22222222222221000000000
21221222222211000100010
22222222222211222222222
21212122222210122222222
22222222222222222222222
12121212222222222222222
22222222222222222222222
12121212222222222222222
12222222222222222222222
11121212222222222222222
11111222222222222222222
11111112222222222222222
11111110012222222222222
11111110012222222222222
11111000012222222222222
11110000022222222222222
11110000012222222222210
11111100000100010001000
Chokepoint:
Region 1: 18,17
Region 2: 6,7
wall from 9,16 to 15,7
0022222222221000000000000
1122222222221000000000000
2222222222221000000000000
1212121222221000000000000
2222222222222210000000000
1212121212222222100000000
2222222222222222100000000
1212121212222222100000000
2222222222222222221000000
1212122212222222222210000
2222222222222222222222100
1212121212222222222222221
1222222222222222222222221
0012121212222222222222222
0022222222222222222222222
0012121212222212122122222
0000100122222222222222222
0000000000121212121212222
0000000000222222222222222
0000000010212121212121222
0000000022222222222222222
1100000000111121212121222
0010000000011111222222222
0000000000011111112121222
0000000001111111111122222
Chokepoint:
Region 1: 32,35
Region 2: 7,4
wall from 23,10 to 18,0
wall from 10,20 to 0,12
111111111111111111000000000
111111111111111110000000000
111111111111111111000000000
111111111111111111110000000
111111111111111111100000000
111111111111111111110000000
111111111111111110000000000
111111111111111110000000000
111111111111111111000000000
111111111111111111110000011
111011111111111111111100120
100011111111111111111111222
000111111111111111111111222
000111111111111111111111222
000111111111111111111122222
000011111111111111112222222
000011111111111111222222222
000000011111111111222222222
000000000111111111222222222
000000000001111122222222222
000000000001112222222222222
000000000002222222222222222
000000000012222222222222222
000000000002222222222222222
000000000001222222222222222
000000000001222222222222222
000000000002222222222222222
Chokepoint:
Region 1: 11,2
Region 2: -7,-4
wall from 4,0 to 4,3
wall from 0,2 to 2,0
00012
00012
01112
11112
11001
Chokepoint:
Region 1: -1,16
Region 2: 19,8
wall from 1,16 to 10,19
222221000100000001111
222100000000000001111
000000000000011111111
000000000001111111111
000000011111111111111
000000011111111111111
000000011111111111111
000000011111111111111
000001111111111111111
000001111111111111111
000011111111111111111
000111111111111111111
111111111111111111111
211111111111111111111
121111111111111011111
211111111111100011111
121112111111000111111
222222222221000111111
121212121211000111111
222222222221000011111
121212121210000011111
Chokepoint:
Region 1: 14,3
Region 2: -17,6
wall from 4,3 to 2,0
wall from 2,4 to 0,3
21022
11000
11100
00110
00011
Chokepoint:
Region 1: 4,13
Region 2: -18,-28
wall from 4,3 to 2,0
wall from 2,4 to 0,3
21022
11000
11100
00110
00011
Chokepoint:
Region 1: 20,15
Region 2: 5,4
wall from 6,12 to 14,8
012222221100210000001
000122222222220000000
000022222222220000000
100022222222222100000
222222222222222200000
222222222222222200000
222222222222222001000
222222222222222001000
222222222222222111100
222222222222222222210
222222222222222222211
222222222222222222222
011101222222222222212
000000222222222222222
000000222222222222212
000000022222222222222
000000002222222222212
000000002222222222222
000000000122222222212
000000000001222222222
000000000000012222212
Chokepoint:
Region 1: 34,5
Region 2: -8,-2
110
110
111
Chokepoint:
Region 1: 3,12
Region 2: 20,6
wall from 9,7 to 13,13
000000000000000002121
000000000000000112222
000000000000010212121
100000000001122222222
110000000102121212121
111000011222222222222
111101021212121212121
111112222222222222222
111112121212121212222
111222222222222222222
121212121212222222222
222222222222222222222
121212222222222221101
222222222222222110000
121222222222210000000
222222222222210000000
222222222222210000000
222222222222210000000
222222222222210000000
222222222111000000000
222222222100000000000
Chokepoint:
Region 1: 18,16
Region 2: -5,3
wall from 18,9 to 6,1
wall from 10,18 to 0,17
1111111000000000000
1111110000000000000
1111111000000000000
1111111110001000000
1111111111110000000
2111111111110000000
1111111111111100000
1111111111111111000
1111111111111111100
1111111111111111110
1111111111111111111
1111111211111111111
1111111111111111111
1111110111111111112
1001100001111111212
1000110000112222222
1000001001212121212
0000000000012222222
0000000010012221212
Chokepoint:
Region 1: 6,2
Region 2: 9,18
wall from 5,10 to 12,10
222222212111111111111
222221221111111111110
222222212111211111100
222221222222222222100
222222212121212121100
222221222222222222100
222222212121212121000
222221222222222222000
012222212121212110000
000122222222222200000
000002222222212110000
000000222222222200000
000001222222212110000
000001222222222200000
000000222222212110000
000022222222222200000
002222222221212120000
112222222222222222000
222222222121212121100
222222222222222222200
222222212121212111100
Chokepoint:
Region 1: 5,11
Region 2: -9,-5
111
111
001
Chokepoint:
Region 1: -9,4
Region 2: 9,-9
10001
00011
00110
11100
22210
Chokepoint:
Region 1: -11,17
Region 2: 23,10
wall from 30,16 to 29,12
wall from 9,6 to 8,25
2222220000000000001222221111111
2222220000000000001222111111111
1111221100000000001211111111111
1111112211000000001111111111111
1111112222000000011111111111111
1122222222000000011111111111111
1122222222100000001111111121111
2222222211000000001111111111211
2222222211101010111111111111111
2222222211111111111111111111111
2222222211111111111111111111111
2222222211111111111111111111111
2222222211111111111111111111100
2222222222111111111111111111100
2222222222111111111111111111000
2222222222111111111111111111000
2222222222111111111111111111110
2222222222111111111111111111111
2222222222111111111111111111111
2222222211111111111111111111111
2222222211111111111111111111100
2222222211111111111111111111100
2222222211111111111111111111100
2222222211111010111111111111100
2222222211100000001111111111000
2222222222000000001000000010000
2222222222100000000000000010000
2222222222000000000000000000000
2112111122100000000000000000000
2111121110000000000010000000000
2222111100000000000000000000000
Chokepoint:
Region 1: -3,11
Region 2: 11,-5
10001
00011
00110
11100
11100
Chokepoint:
Region 1: 10,15
Region 2: 0,0
wall from 4,7 to 10,5
121212121210000
222222222221000
221212121211000
222222222221000
222222222221000
222222222220000
122222222222000
001222222222000
000012222222100
000002222222221
000002222222222
000222222222222
000222222222222
000222222222222
000222222222222
Chokepoint:
Region 1: 10,0
Region 2: 5,17
wall from 5,7 to 10,7
011222222222222
122222222222222
122222222222222
222222222222222
222222222222222
011222222222222
000012222221111
000012222221000
011112222221000
022222222221000
022222222221000
122222222221000
222222222221000
212121222221000
222222222222210
Chokepoint:
Region 1: -2,7
Region 2: 16,5
wall from 7,5 to 8,10
222100000000122
222100000000022
222100000002222
222211000222222
222211111222222
222222222222222
222222222222222
222222222222221
222222222222222
222222222222221
222222222222222
222222210222221
222221000122200
222100000000000
110000000000000
Chokepoint:
Region 1: 11,25
Region 2: 29,-9
wall from 26,20 to 11,9
wall from 1,32 to 3,29
222221111222222222222222222210002
222222211122222222222222222222222
002222111122222222222222222222222
002211111222222222222222222222222
001000111122222222222222222222222
000000002122222222222222222222222
000000001122222222222222222222221
000000002222222222222222222222111
000000002222222222222222222222111
000000002222222222222222222222221
000000000001112222222222222222221
000000000001111122222222222222111
000000000011111111222222222211111
000000001111111111222222222211111
000000111111111111222222222222222
000011111111111111112222222222222
001111111111111111111122222222222
111111111111111111111122222222222
001111111111111111111122222210001
001112111111111111111111222210000
001111111111111111111111112200000
011111111111111111111111100000000
111111111111111111111110000000000
111111111111111111111100000000000
111111111111112111111110000000000
111111111111111111111111100010000
112211111111111111111111111100000
111111111111111121111111111100000
111111111111111111111111111111000
120011111111111111111111111111110
100011111111111111111111111111111
000111021111111111111111111111111
001100011111111111111111111111111
Chokepoint:
Region 1: 14,4
Region 2: 5,14
wall from 8,7 to 14,13
111111111111111121212
110111111111112222222
100001111111212121212
110000112222222222222
001001212121212122222
000000012222222222222
000010012221212222222
111121112222222222222
002222222222222222222
002222222222222222222
112222222222222222222
222222222222222222221
222222222222222222221
222222222222222001110
222222222222222000000
222222222222222000000
222222222222222210000
222222222222221000000
222222222222221000000
222222222222221000000
222222222222221000000
Chokepoint:
Region 1: -1,-8
Region 2: 4,17
110
110
011
