Chokepoint:
Region 1: 8,-8
Region 2: 19,17
wall from 5,10 to 11,6
11111111111111111
11111111111111111
11111111111111111
11112222222211111
11112222222210001
11112222222210110
11112222222210000
11112222222222000
11112222222222222
11112222222222222
10002222222222222
10110022222222222
10000022222222222
10000022222222222
10010022222222222
10000022222222222
10000022222222222
Chokepoint:
Region 1: 2,23
Region 2: 19,0
wall from 6,7 to 11,10
10001022222222222
10001122222222222
10110022222222222
10000022222222222
10000022222222222
10010022222222222
10000022222222222
10001222222222222
11112222222222222
11112222222222222
11112222222222100
11112222222210011
11112222222210000
11112222222210000
11111111111111111
11111111111111111
11111111111111111
Chokepoint:
Region 1: 14,4
Region 2: -7,4
wall from 4,3 to 4,6
111000012
111000012
111211222
111222222
111222222
111222222
111222222
111100022
111000012
Chokepoint:
Region 1: -5,4
Region 2: 16,4
wall from 4,3 to 4,6
222000001
222000001
222211211
222222211
222222211
222222211
222222211
222100011
222000001
Chokepoint:
Region 1: 16,11
Region 2: 27,34
wall from 40,17 to 28,9
wall from 12,40 to 10,27
11111100000011000001222222222222222100001
11111111000000000122222222222222222220001
11111111100000012222222222222222222000012
11111111101111222222222222222222210002222
11111111111112222222222222222221000222222
11111111111112222222222222222100022222222
11111111111112222222222222222000022222222
11111111111112222222222222222000022222222
11111111111112222222222222222000022222222
11111111111112222222222222210000022222222
11111111111112222222222222210000022222222
11111111111112222222222222210000022222222
11111111111111111111111111110000122222222
11111111111111111111111111110000000222222
11111111111111111111111111111110000002222
11111111111111111111111111111111100000110
11111111111111111111111111111111110000000
11111111111111111111111111111111111100000
11111111111111111111111111111111111111101
11111111111111111111111111111111111111111
12222222211111111111111111111111111111111
02222222211111111111111111111111111111111
02222222211111111111111111111111111111111
02222222211111111111111111111111111111111
22222222211111111111111111111111111111111
22222222211111111111111111111111111111111
22222222211111111111111111111111111111110
22222222210001111111111111111111111111000
22222221001001111111111111111111111110000
22222221000001111110011111111111111110000
22222221000001111111011111111111111110000
22222221011001111111111111111111111110000
22222221000001111111111111111111111112112
22222222200001111111111111111111111112222
22222221010001111111111111111111111112222
22222221010001111111111111111111111112222
22222221001001111111111111111111111112222
22222221000001111111111111111111111111000
22222221000001111110011111111111111110000
22222221011001111111011111111111111110000
22222221000001111111111111111111111110000
Chokepoint:
Region 1: 10,29
Region 2: 28,6
wall from 38,0 to 38,3
22222222100100111111111111111111111111000
22222222100000111111001111111111111111000
22222222100000111111101111111111111111000
22222222101100111111111111111111111111000
22222222100000111111111111111111111111211
22222222220000111111111111111111111111222
22222222101000111111111111111111111111222
22222222101000111111111111111111111111222
22222222100100111111111111111111111111222
22222222100000111111111111111111111111100
22222222100000111111001111111111111111000
22222222101100111111101111111111111111000
22222222100000111111111111111111111111000
22222222220000111111111111111111111111000
22222222221111111111111111111111111111110
22222222221111111111111111111111111111111
22222222221111111111111111111111111111111
00222222221111111111111111111111111111111
00222222221111111111111111111111111111111
00222222221111111111111111111111111111111
11111111111111111111111111111111111111111
11111111111111111111111111111111111111111
11111111111111111111111111111111111111000
11111111111111111111111111111111111100100
11111111111111111111111111111111110010001
11111111111111111111111111111111110000222
11111111111111111111111111112211000022222
11111111111111111111111111111010002222222
11111111111111222222222222221000012222222
11111111111111222222222222221000002222222
11111111111111222222222222221000002222222
11111111111111222222222222221000002222222
11111111111111222222222222222200012222222
11111111111111222222222222222200002222222
11111111111111222222222222222200002222222
11111111111111222222222222222200000122222
11111111111111222222222222222222000000222
11111111111111222222222222222222210000002
11111111111100012222222222222222222200000
11111111111000000122222222222222222210001
11111111100012220001222222222222222210011
Chokepoint:
Region 1: 29,1
Region 2: 3,14
wall from 4,5 to 9,7
0000002222222
0000222222222
0000222222222
0000222222222
0000222222222
0000222222222
0001222222221
0000222222000
0001222222000
0000222222100
0012222222100
2222222222100
2222222222000
Chokepoint:
Region 1: -16,4
Region 2: 10,16
wall from 3,8 to 10,6
222220000000000
222222210000000
222222222100000
222222222221000
222222222221000
222222222221000
222222222221000
122222222220000
000222222221000
000002222221000
200002222221000
200012222221000
200002222222200
200002222222222
200002222222222
Chokepoint:
Region 1: 9,2
Region 2: -7,22
wall from 5,7 to 11,9
12222222222222220
12222222222222220
12222222222222220
12222222222222220
00222222222222222
10002222222222222
10001222222222222
00001222222222222
00122222222222110
12222222222211111
22222222222200011
22222222222210000
22222222222222000
22222222222200001
22222222221000222
22222222100022222
22222210002222222
Chokepoint:
Region 1: 4,20
Region 2: -3,-6
wall from 6,10 to 15,10
012222222222222244444
002222222222222244444
002222222222222244444
002222222222222244444
012222222222222244444
002222222222222244444
002222222222222244444
000022222222222244444
000001222222222244444
210000222222222244444
220000222222222244444
220000222222222244444
220000222222222244444
000000222222222244444
100012222222222244444
112222222222222244444
222222222222222244444
222222222222222244444
222222222222222244444
222222222222222244444
222222222222222244444
Chokepoint:
Region 1: 7,2
Region 2: 35,20
wall from 5,9 to 12,7
01222222222222222
01222222222222222
01222222222222222
01222222222222222
22222222222222210
22222222222221000
22222222222220001
22222222222220000
00122222222222200
01111222222222222
11100222222222222
10000222222222222
00012222222222222
21000122222222222
22210012222222222
22222000022222222
22222221000222222
Chokepoint:
Region 1: -4,-5
Region 2: 9,9
wall from 3,1 to 4,2
wall from 0,3 to 3,4
22222
21100
11110
00111
00001
Chokepoint:
Region 1: 23,26
Region 2: 16,0
wall from 5,10 to 14,10
444442222222222222222
444442222222222222222
444442222222222222222
444442222222222222222
444442222222222222222
444442222222222222222
444442222222222222211
444442222222222221000
444442222222222100000
444442222222222100000
444442222222222100011
444442222222222100012
444442222222222100012
444442222222222100012
444442222222222220001
444442222222222222200
444442222222222222210
444442222222222222210
444442222222222222200
444442222222222222200
444442222222222222210
Chokepoint:
Region 1: -16,11
Region 2: 9,-2
wall from 4,5 to 9,5
0000222222222
0001222222222
0000222222222
0001222222221
0000222222100
0001222222100
0000222222000
0012222222000
1222222222100
2222222222100
2222222222000
2222222222000
2222222222100
Chokepoint:
Region 1: 8,-5
Region 2: -5,9
wall from 4,0 to 4,0
00012
00111
01111
11110
11100
Chokepoint:
Region 1: 31,18
Region 2: -4,16
wall from 38,18 to 28,11
000000000000000000222222222222222222100
000000000000000000222222222222222222221
000000000000000000112222222222222222221
000010001110100000002222222222222222100
011110011100111100000022222222222210000
111111111111111100000000222222221000001
111111111111111111000000002222100000112
111111111111111111111000000110000012222
111111111111111111111110000000001222222
111111111111111111111111000000122222222
111111111111111111111111011112222222222
111111111111111111111111111122222222222
111111111111111111111111111122222222222
111111111111111111111111111122222222222
111111111111111111111111111122222222222
111111111111111111111111111122222222222
111111001111111111111111111122222222222
111111101111111111111111111122222222222
111111111111111111111111111122222222222
111111111111111111111111111111111111111
111111111111111111111111111111111111111
111111111111111111111111111111111111111
111111111111111111111111111111111111111
111111111111111111111111111111111111111
111111111111111111111111111111111111111
111111111111111111111111111111111111111
111111111111111111111111111111111111111
111110000011111122222222111111111111111
100010011100100022222222111111111111111
101101000001010022222222111111111111111
100000000000000022222222111111111111111
220000122200001222222222111111111111111
222222222222222222222222111111111111111
222222222222222222222222111111111111111
222222222222222222222222100011111111111
222222222222222222222210010011111111111
222222222222222222222210000011111100111
222222222222222222222210000011111110111
222222222222222222222210110011111111111
Chokepoint:
Region 1: 13,23
Region 2: -4,0
wall from 4,10 to 10,6
22222222222101000
22222222222101000
22222222222100100
22222222222100000
22222222222100000
22222222222101100
22222222222100000
22222222222220000
22222222222221111
22222222222221111
00022222222221111
11100222222221111
00000222222221111
00000222222221111
11111111111111111
11111111111111111
11111111111111111
Chokepoint:
Region 1: 8,-5
Region 2: -5,10
wall from 2,1 to 0,2
22222
10012
00111
11110
11000
Chokepoint:
Region 1: 35,8
Region 2: 12,33
wall from 2,36 to 3,38
000122222222222222222220000000001111111
210001222222222222222222200000011111111
222100122222222222222222222010111111111
222220000222222222222222222111111111111
222222210002222222222222222111111111111
222222210001222222222222222111111111111
222222210001222222222222222111111111111
222222210001222222222222222111111111111
222222210000022222222222222111111111111
222222210000022222222222222111111111111
222222210000022222222222222111111111111
222222210000011111111111111111111111111
222221000000011111111111111111111111111
222100000010011111111111111111111111111
110000001111111111111111111111111111111
000000011111111111111111111111111111111
000011111111111111111111111111111111111
101111111111111111111111111111111111111
111111111111111111111111111111111111111
111111111111111111111111111111122222222
111111111111111111111111111111122222222
111111111111111111111111111111122222222
111111111111111111111111111111122222222
111111111111111111111111111111122222222
111111111111111111111111111111122222222
011111111111111111111111111111122222222
000111111111111111111111111100022222222
000011111111111111111111111101100222222
000011111111111111100111111100000222222
000011111111111111110111111100000222222
000011111111111111111111111100100222222
112111111111111111111111111100000222222
222111111111111111111111111100000222222
222111111111111111111111111100010222222
222111111111111111111111111100011222222
222111111111111111111111111101100222222
000111111111111111111111111100000222222
000011111111111111100111111100000222222
000011111111111111110111111100100222222
Chokepoint:
Region 1: -3,26
Region 2: 4,0
wall from 6,10 to 15,10
222222222222222244444
222222222222222244444
222222222222222244444
222222222222222244444
222222222222222244444
222222222222222244444
112222222222222244444
100022222222222244444
000001222222222244444
000000222222222244444
120000222222222244444
220000222222222244444
220001222222222244444
220000222222222244444
100012222222222244444
002222222222222244444
012222222222222244444
002222222222222244444
012222222222222244444
002222222222222244444
002222222222222244444
Chokepoint:
Region 1: 9,9
Region 2: -4,-5
wall from 3,0 to 4,1
wall from 0,2 to 2,4
21100
11100
01111
00111
00011
Chokepoint:
Region 1: 30,29
Region 2: 13,6
wall from 29,0 to 31,13
wall from 0,22 to 13,27
00000111111111111111111111111011002222222
00000111111111111111001111111000002222222
00000111111111111111101111111000002222222
00000111111111111111111111111001002222222
21121111111111111111111111111000002222222
22221111111111111111111111111000002222222
22221111111111111111111111111000102222222
22221111111111111111111111111000112222222
22221111111111111111111111111011002222222
10001111111111111111111111111000002222222
00000111111111111111001111111000002222222
00000111111111111111101111111001002222222
00000111111111111111111111111000002222222
00000111111111111111111111111000122222222
00011111111111111111111111111111222222222
01111111111111111111111111111111222222222
11111111111111111111111111111111222222222
01111111111111111111111111111111222222221
11111111111111111111111111111111222222221
11111111111111111111111111111111222222221
11111111111111111111111111111111111111111
11111111111111111111111111111111111111111
00100111111111111111111111111111111111111
00000011111111111111111111111111111111111
00100000111111111111111111111111111111111
22220000111111111111111111111111111111111
22222210000111111111111111111111111111111
22222222100010111111110011111111111111111
22222222100000222222221222221111111111111
22222222000000222222222222221111111111111
22222222100000222222222222221111111111111
22222222100000222222222222221111111111111
22222222100012222222222222221111111111111
22222222000012222222222222221111111111111
22222222100012222222222222221111111111111
22222210000012222222222222221111111111111
22221000001222222222222222221111111111111
22100000112222222222222222221111111111111
11000012222222222222222222000001111111111
11000122222222222222222210001001111111111
11110022222222222222221000222200000011111
Chokepoint:
Region 1: 39,19
Region 2: 5,19
wall from 23,20 to 24,21
wall from 2,27 to 0,18
1111000002222222222222222222222222222100000
1111001002222222222222222222222222222101100
1111000002222222222222222222222222222100000
1111000122222222222222222222222222222220000
1111111222222222222222222222222222222221111
1111111222222222222222222222222222222221111
1111111222222222210002210000022222222221111
1111111222222221001110010011100222222221111
1111111222222221000000101000000222222221111
1111111222222221000000000000000222222221111
1111111111111111111110000011111111111111111
1111111111111111111111111111111111111111111
1111111111111111111111111111111111111111111
1111111111111111111111111111111111111111111
1111111111111111111111111111111111111111111
1111111111111111111111111111111111111111111
1111111111111111111111111111111111111111111
1111111111111111111111111111111111111111111
2221111111111111111111111111111111111111111
2221111111111111111111111111111111111111111
2221111111111111111111100111111111111111111
2221111111111111111111110111111111111111111
2221111111111111111111111111111111111111111
2221111111111111111111111111111111111111111
2221111111111111111111111111111111111111111
2221111111111111111111111111111111111111111
2221111111111111111111111111111111111111111
2221111111111111111111111111111111111111111
2000001111111111111111111111111111111111100
0001001111111111111111111111111111111111000
0222200000011111111111111111111111111100012
2222222000011111111111111111111111110002222
2222222221000111111101111001111000000222222
2222222222200000110100011001011000022222222
2222222222222100000100010001000001222222222
2222222222222100000000000000100002222222222
2222222222222100000000000000000002222222222
2222222222222100000000000000000002222222222
2222222222210000000000000000000000122222222
2222222221000000000000000000000000001222222
2222222100000000000000000000000000000002222
2222210000000000000000000000000000000000022
2221000000000000000000000000000000000000001
Chokepoint:
Region 1: 4,15
Region 2: 26,-3
wall from 6,6 to 9,12
22221000122222222
22220000122222222
22221000122222222
22100000122222222
10000012222222222
00001122222222222
00122222222222222
01222222222222222
00222222222222222
10222222222222220
22222222222222100
22222222222210001
22222222221000222
22222222220000222
22222222220000012
22222222222200000
22222222222221000
Chokepoint:
Region 1: 21,-6
Region 2: -3,17
wall from 6,7 to 11,10
11111111111111111
11111111111111111
11111111111111111
11111122222222111
00100022222222111
01010022222222111
00000022222222111
00001222222222111
22222222222222111
22222222222222111
22222222222222100
22222222222210010
22222222222210000
22222222222210000
22222222222210110
22222222222210000
22222222222222000
Chokepoint:
Region 1: 13,16
Region 2: -10,-2
wall from 7,12 to 11,5
2222222210000022222
2222222222000122222
2222222222000022222
2222222222000022222
2222222222000001222
2222222222220000002
2222222222222100000
2222222222222222000
2222222222222222100
2222222222222222100
0022222222222222101
1000222222222222221
2210002222222222222
2222100022222222222
2222100012222222222
2210000012222222222
0000001122222222222
0000112222222222222
1000122222222222222
Chokepoint:
Region 1: 22,-7
Region 2: 16,19
wall from 5,10 to 14,10
444442222222222222210
444442222222222222210
444442222222222222210
444442222222222222210
444442222222222222210
444442222222222221000
444442222222222100000
444442222222222100012
444442222222222100012
444442222222222100012
444442222222222100012
444442222222222000000
444442222222222220000
444442222222222222211
444442222222222222222
444442222222222222222
444442222222222222222
444442222222222222222
444442222222222222222
444442222222222222222
444442222222222222222
Chokepoint:
Region 1: 30,12
Region 2: 5,-1
wall from 5,7 to 10,7
222222222220000
222222222220000
222222222221000
022222222221000
000222222221000
000012222221000
000002222221000
000002222221000
000002222222200
000002222222222
000002222222222
100002222222222
000002222222222
000012222222222
000000122222222
