Chokepoint:
Region 1: 18,-1
Region 2: 0,11
wall from 3,4 to 0,2
00001
10011
21111
21110
22222
Chokepoint:
Region 1: 7,15
Region 2: 10,-12
wall from 0,3 to 3,4
00001
00011
10111
21110
22222
Chokepoint:
Region 1: 15,-9
Region 2: -1,18
wall from 5,6 to 8,10
000000000222222
000000000111122
000000001111111
000002211111111
000002222111111
000002222111111
000122222111111
022222222222222
022222222222210
022222222221000
222111122100000
211111111000000
111111111100000
111111122000000
111222222100000
Chokepoint:
Region 1: 22,26
Region 2: 8,5
wall from 24,18 to 11,12
wall from 24,18 to 11,12
2222222222222222100011000
2222222222222222000000000
2222222222222222000000000
2222222222222222000022000
2222222222222222000000220
2222222222222222000000001
2222222222222222000000000
2222222222222222111112000
2222222222222222222211000
2222222222222222222211110
0022222222222222222222111
0000222222222211112222111
0000222222221111111111111
0012222222221111111111111
1000222222222211112222111
0000002222222222222222111
0000001222222222222222111
0000000122222222222222221
0000000000222222222222222
0000000000002222222222222
0000000000000022222222222
0000000000000022222222222
0000000000000022222222222
0000000000000022222222222
0000000000001222222222222
Chokepoint:
Region 1: 0,22
Region 2: 15,4
wall from 7,7 to 8,8
22000000012222222
00111100002222222
00001000001222222
00000000112222222
00000012222222222
11000001222222222
11111111222222222
11111122222222222
11111122221111222
11111111111111112
11111111111111111
11111111111111220
11111111111101220
22111111111000100
22221111222200000
22222222220000000
22222222100000000
Chokepoint:
Region 1: 0,0
Region 2: 16,12
wall from 4,14 to 10,6
2222222222100000001
2222222210000000111
2222222200000000122
2222222200000000122
2222222211000011222
2222222222110012222
2222222222220012222
2222222222222222222
2222222222222222222
2222222222222222222
2222222222222222222
2222222222222222222
2222222222222222222
2222222222222222222
2222221022222222222
1210000022222222222
0000000022222222222
0000000000222222222
0000000000002222222
Chokepoint:
Region 1: 6,23
Region 2: -3,-4
wall from 3,4 to 0,2
00001
10011
21111
21110
22222
Chokepoint:
Region 1: -1,12
Region 2: 25,3
wall from 6,4 to 7,9
0001000100000
0000000000000
1000000001111
2111111111222
2222222222222
2222222222222
2222222222222
2222222222222
2222222222222
2222222222222
2222210010001
2221000000000
2100011111111
Chokepoint:
Region 1: 9,1
Region 2: 16,26
wall from 3,8 to 10,5
200002222222222
000122222222222
000122222222222
000222222222210
012222222220000
012222222220000
000222222222200
000222222222200
000222222222210
000002222222222
000002222222222
000002222222222
200002222222222
000122222222222
011122222222222
Chokepoint:
Region 1: 21,-1
Region 2: 3,13
wall from 8,6 to 11,13
2211000000012222222
2222000000001222222
2222000000001222222
2222000000112222222
2222000012222222222
2222111112222222222
2222222222222222222
2222222222222222222
2222222222222222222
2222222222222222222
2222222222222222222
2222222222222222222
2222222222222222221
2222222222221000220
2222222222100000012
2222221000100000000
2222220000000000000
1122220000000000001
1111220000000000012
Chokepoint:
Region 1: 13,13
Region 2: -13,4
wall from 6,9 to 6,4
1111000000100
2222000000000
2222000000000
2222111111111
2222222222222
2222222222222
2222222222222
2222222222222
2222222222222
2222222222222
0000110022222
0000000000222
1111111100012
Chokepoint:
Region 1: 19,11
Region 2: -10,6
wall from 3,5 to 3,3
0000001
0000122
1111122
2222222
2222222
2222222
2210012
Chokepoint:
Region 1: 19,18
Region 2: -1,-10
wall from 5,8 to 10,5
211112222100000
111111122220000
111111111221000
111111111110000
111221111111000
122221111220000
222222222222200
022222222222222
000222222222222
000002222221111
000002222111111
000002222111111
000000022221111
000000000222222
000000000222222
Chokepoint:
Region 1: -11,-1
Region 2: 7,10
wall from 3,1 to 4,2
wall from 2,4 to 0,3
22210
11100
11110
00111
00011
Chokepoint:
Region 1: 10,13
Region 2: -1,-6
wall from 5,8 to 10,5
222222222110000
122222222220000
012222222220000
012222222220000
122222222220000
122222222221111
022222222222222
012222222222222
000222222222222
000012222222222
100002222222222
000001222222222
000112222222222
012222222222222
001222222222222
Chokepoint:
Region 1: -2,16
Region 2: -6,-14
wall from 3,1 to 4,2
wall from 2,4 to 0,3
22210
11100
11110
00111
00011
Chokepoint:
Region 1: -17,9
Region 2: 17,5
wall from 1,3 to 2,2
22210
22200
22222
22222
00122
Chokepoint:
Region 1: 22,5
Region 2: -6,1
wall from 8,5 to 8,11
22220000000001222
22220000000000122
22221100000000122
22222211000011222
22222222111112222
22222222222222222
22222222222222222
22222222222222222
22222222222222222
22222222222222222
22222222222222222
22222222222222222
22100022102222222
01000022001211002
00000000012210002
00000000000010002
00000000000000100
Chokepoint:
Region 1: -7,1
Region 2: 8,-2
wall from 3,1 to 4,2
wall from 2,4 to 0,3
22210
11100
11110
00111
00011
Chokepoint:
Region 1: -10,6
Region 2: 17,0
wall from 7,5 to 7,10
211000000112222
000000000122222
000000000122222
000000011222222
111111112222222
222222222222222
222222222222222
222222222222222
222222222222222
222222222222222
222222222222222
222222210012222
200010000000001
000000000000000
000000000000000
Chokepoint:
Region 1: 1,18
Region 2: 19,2
wall from 6,6 to 11,11
22222222222222222
01001222222222222
00000122222222222
01000122222222222
11000222222222222
00000122222222222
00011122222222222
01112222222222222
01222222222222211
01222222222221000
12222222222220000
22222222222220000
22222222222100000
22222222210001100
22222222200000000
22222222200000000
22222222200002200
