Chokepoint:
Region 1: -9,4
Region 2: 23,6
001
001
111
Chokepoint:
Region 1: -3,-16
Region 2: -1,10
001
001
111
Chokepoint:
Region 1: -1,5
Region 2: 52,9
wall from 9,6 to 9,14
2222222100000222222
2222222100000222222
2222222210000122222
2222222221000122222
2222222220000222222
2222222221111222222
2222222222222222222
2222222222222222222
2222222222222222222
2222222222222222222
2222222222222222222
1222222222222222222
1022222222222222222
0122222222222222222
0100122222222222222
0000000110010012222
1111100000000000022
2222211111111110001
2222222222222220000
Chokepoint:
Region 1: 32,31
Region 2: -20,-16
wall from 16,31 to 30,15
22222221111111111111111220000000000000000000044
22222221111111111111111220000000000000000000044
22222222211112211111122221100000000000000000044
22222222211111111112222222210000000000000000044
22222221111111111111111222210000000000000000044
22222111111111111111111221000000000000000000044
11122111111111111111111221000000000000000000044
11111111111111111111111220000000000000000000044
11111111111111111111122221100000000000000000044
11111111111222211111122222211000000000000000044
22211111111222211111111222222110000000000000044
11111111111111111111111222221010000110000000144
11111111111111111111122222111000000220011100044
11111111111111111112222211111100011220010100144
11111111111112222222221111111111122222222222244
21111111111222222222111111111222222222222222244
11111112222222222211111111122222222222222222244
11111111122222221111111112222222222222222222244
11111111122222111111111222222222222222222222244
11111112222211111111122222222222222222222222244
11111222221111111112222222222222222222222222244
11122222111111111222222222222222222222222222244
22222211111111122222222222222222222222222222244
22221111111112222222222222222222222222222222244
00010111111222222222222222222222222222222222244
00000001122222222222222222222222222222222222244
00000000222222222222222222222222222222222222244
00000001222222222222222222222222222222222222244
00000000022222222222222222222222222222222222244
00000000000222222222222222222222222222222222244
00000000000002222222222222222222222222222222244
00000000000000012222222222222222222222222222244
00000000000000000222222222222222222222222222244
10000000000000000222222222222222222222222222244
21000000000000000222222222222222222222222222244
20000000000000000222222222222222222222222222244
22100000000000000122222222222222222222222222244
22210000000000000002222222222222222222222222244
22200000000000000002222222222222222222222222244
22210000000000000002222222222222222222222222244
22200000000000010002222222222222222222222222244
22210000000000000002222222222222222222222222244
22200000000000000102222222222222222222222222244
22210000000000000001222222222222222222222222244
21000000000000000100012222222222222222222222244
20000000000000000000012220022222222222222221144
20000000000000000001112102222222222222220000044
Chokepoint:
Region 1: 4,-6
Region 2: 7,19
10001
00011
00110
11100
22210
Chokepoint:
Region 1: 11,-2
Region 2: -20,-4
10001
00011
00110
21100
22210
Chokepoint:
Region 1: 66,61
Region 2: 14,12
wall from 16,29 to 26,12
4442222222222222222222222221000000000000000
4442222222222222222222222222100000000000000
4442222222222222222222222222200000000000000
4442222222222222222222222222200000000000011
4442222222222222222222222222200000000000022
4442222222222222222222222221000000000000000
4442222222222222222222222220000000000000000
4442222222222222222222222221000000000000000
4442222222222222222222222220000000000000000
4442222222222222222222222222100000000000000
4442222222222222222222222221000000000000000
4442222222222222222222222220001000000000000
4442222222222222222222222221000100000000000
4442222222222222222222222221001100010000000
4442222222222222222222222222222000000000000
4442222222222222222222222222222210000000000
4442222222222222222222222222222221100000000
4442222222222222222222222222222222211000000
4442222222222222222222222222222222222100000
4442222222222222222222222222222222222111000
4442222222222222222222222222222222211111000
4442222222222222222222222222222221111111111
4442222222222222222222222222222111111111112
4442222222222222222222222222211111111111122
4442222222222222222222222221111111111112222
4442222222222222222222222111111111111222211
4442222222222222222222211111111111122221111
4442222222222222222221111111111112222221111
4442222222222222222111111111111222222222211
4442222222222222211111111111122222222111111
4442222222222221111111111112222222211111111
4442222222222221111111111222211111111111111
4440022222222100001111122221111111111111111
4440012222222000000112222111111111111111111
4440000000000000000122222111111112222111111
4441000000000000012222222221111112222111111
4440000000000000001222222221111111111111111
4440000000000000000002222111111111111111111
4440000000000000000002211111111111111111111
4440000000000000000001211111111111111111111
4440000000000000000001222111111111111111122
4440000000000001000001222222211111111112222
4440000000000000000000122221111112211112222
Chokepoint:
Region 1: 16,16
Region 2: 4,-37
wall from 5,12 to 12,6
1222222222222222222
0222222222222222222
0222222222222222222
0012222222222222222
0002222222222100010
0002222222222100000
0112222222222100000
0012222222222210000
0002222222222221111
0001222222222222222
0001222222222222222
0001222222222222222
1000022222222222222
2110001222222222222
2220000222222222222
2100000222222222222
2100011222222222222
2100022002222222222
2100010001122222222
Chokepoint:
Region 1: 5,0
Region 2: 18,55
wall from 7,12 to 17,10
22222222222221110000000
22222222222222222000000
22222222222222222000000
22222222222222222100011
22222222222222222100022
22222222222222222100000
22222222222222222210000
22222222222222222100000
00022222222222222100000
00000222222222222100000
00000002222222222210000
00000002222222222221000
00000002222222222220000
00011112222222222221100
00022222222222222222210
11122222222222222222200
22222222222222222222211
21111222222222222222222
11111112222222222222222
11111112222222222222222
11111112222222211112222
11111112222221111111122
11111222222111111111111
Chokepoint:
Region 1: -34,10
Region 2: 19,14
wall from 8,6 to 8,14
1000022222222222222
2000012222222222222
2000000000000001222
2110000000000000000
2222100000000000000
2222221111111110000
2222222222222222111
1112222222222222222
1112222222222222222
1222222222222222222
2222222222222222222
2222222222222222222
2222222222222222222
2222222222222222222
2222222222222222222
2222222100022222222
2222222100001222222
2222222100000222222
2222222100000222222
