Chokepoint:
Region 1: 1,5
Region 2: 23,13
wall from 6,12 to 9,6
22222222220000122
22222222100000122
22222222100000122
22222222100000122
22222222210000222
22222222221111222
22222222222222222
22222222222222222
22222222222222222
22222222222222222
22222222222222222
22222222222222222
22222222222222222
10001100222222222
00000000012222222
00000000002222222
00000000000001222
Chokepoint:
Region 1: 7,13
Region 2: 2,-10
wall from 4,6 to 6,4
11111111102
11111111001
11111110000
11111110000
11111222111
11122222222
00022222222
00002222222
00002222222
00012222222
11122222222
Chokepoint:
Region 1: 21,5
Region 2: -13,5
wall from 3,2 to 3,4
0000022
0001122
1112222
2222222
2222222
2100022
0000000
Chokepoint:
Region 1: -17,19
Region 2: 2,-3
wall from 3,3 to 8,4
22222222222
02222222222
00022222222
00022222210
00011222200
00001111110
10001111100
20111111100
21111111111
21111111111
21111111111
Chokepoint:
Region 1: -4,9
Region 2: 19,12
wall from 7,11 to 9,4
22220000000000000
22221100100000000
22222210000000000
22222222110000000
22222222221111111
22222222222222222
22222222222222222
22222222222222222
22222222222222222
22222222222222222
22222222222222222
22222222222222222
22221001222222222
22221000012222222
22221000002222222
22221000002222222
22220000112222222
Chokepoint:
Region 1: 18,2
Region 2: -8,8
wall from 4,2 to 3,0
1110000
1110000
1111011
1111122
1111222
1111222
1000222
Chokepoint:
Region 1: -12,18
Region 2: 22,20
wall from 18,6 to 16,21
wall from 5,7 to 5,21
00100022222222221000000000122
00000000222222221000000000002
00000000222222100000100000000
00000000112222000001221000000
10101000011111100022222200000
22222100011111000022222200000
22222201111111001122222200000
22222211111111111222222211000
22222211111111112222222222110
22222211111111112222222222220
22222211111111112222222222222
22222211111111112222222222222
22222211111111112222222222222
22222211111111112222222222222
22222211111111112222222222222
22222211111111112222222222222
22222211111111112222222222222
22222211111111112222222222222
22222211111111112222222222222
22222211111111112222222222222
22222211111111112222222222222
22222210000001112222222222222
10011000000000002222222222222
00001000000000002222222222222
00001000000000002222222222222
00000000000000112222222222222
00000000000000222222222222222
00000000000000222222222222222
10000000000011222222222222222
Chokepoint:
Region 1: -21,1
Region 2: 15,0
wall from 3,2 to 3,4
0000022
0001122
1112222
2222222
2222222
2100022
0000000
Chokepoint:
Region 1: 7,8
Region 2: 5,24
110
110
011
Chokepoint:
Region 1: 25,10
Region 2: -9,7
wall from 5,3 to 5,8
44444444444
44444444444
44444444444
22222222222
22222222222
22222222222
22222222222
22222222222
22222222222
22100022222
10000000222
Chokepoint:
Region 1: -15,-4
Region 2: 17,4
wall from 4,8 to 5,3
11000012221
22210000100
22221100001
22222211112
22222222222
22222222222
22222222222
22222222222
22222222222
00000000000
44444444444
Chokepoint:
Region 1: -13,-15
Region 2: -9,9
wall from 2,2 to 3,2
22224
00224
00224
11224
22224
Chokepoint:
Region 1: 1,-3
Region 2: 7,18
wall from 3,6 to 5,5
11111111122
11111111102
11111111001
11111110000
11111110000
11111222111
11122222222
00022222222
00002222222
10002222222
00012222222
Chokepoint:
Region 1: 3,21
Region 2: 5,-6
wall from 2,2 to 3,2
22222
22221
01221
00220
00221
Chokepoint:
Region 1: 3,10
Region 2: -5,-6
wall from 7,6 to 3,4
111111111
111111111
111111111
111111111
100222210
001222210
112222220
222222221
222222222
Chokepoint:
Region 1: 0,-4
Region 2: 14,16
wall from 3,5 to 6,3
22222222210
22222221000
22222220000
22222221000
22222221000
22221111111
00011111111
00001111111
00001111111
00011111111
22111111111
Chokepoint:
Region 1: 16,2
Region 2: 15,23
wall from 7,12 to 21,12
1000001022222222222211111
0000000022222222222222111
1100000022222222222222222
1000000022222222222222222
0000001122222222222222222
0000112222222222222222221
0000012222222222222222221
0000002222222222222222221
1100002222222222222222222
2210002222222222222222221
2200001222222222222222100
1000001222222222222222100
1000001222222222222222100
1000001222222222221010000
2100002222222222221000000
2211112222222222221000100
2222222222222222221000010
2222222222222222222100011
2222222222222222222201111
2222222222222222222211111
2222222222222222222211111
2222222222222222222211111
2222222222222222222211111
2222222222222222222211111
0122222222222222222211111
Chokepoint:
Region 1: 15,10
Region 2: 4,-9
wall from 3,5 to 6,3
22222222200
22222221000
22222220000
22222221000
22222221000
22222111111
00011111111
00001111111
00001111111
11011111111
22111111111
Chokepoint:
Region 1: -12,10
Region 2: 21,8
wall from 7,4 to 7,11
444444444444444
444444444444444
444444444444444
444444444444444
222222222222222
222222222222222
222222222222222
222222222222222
222222222222222
222222222222222
222222222222222
222222222222222
222200000122000
000000000000000
000000000000000
Chokepoint:
Region 1: 31,-3
Region 2: 11,24
wall from 25,13 to 11,6
wall from 19,24 to 3,19
21010000012222222222222111111
22200000000122222222222211111
22200000000122222222222211111
21100000000222222222222221111
21011000000222222222222221111
22210000000222222222222222111
22210000000222222222222222211
22210000000112222222222222211
22210000001111122222222222211
22210000011111111222222222222
21000111111111111112222222222
21000221111111111111122222222
21000001111111111111111222222
21000000111111111111111112210
21000000111111111111111110000
00000011111111111111111000000
00000111111111111111110000000
00011111111111111111110000011
00012221111111111111111011122
00022222211111111111111122222
00022222222111111111111222222
00022222222221111111111222222
01022222222222211111000222222
00022222222222222111000022222
00022222222222222222100022222
00022222222222222222210001222
01122222222222222222210000022
12222222222222222221000000022
12222222222222222221000001122
Chokepoint:
Region 1: -1,22
Region 2: -12,3
wall from 3,1 to 6,2
wall from 2,2 to 1,4
2200000
2220000
2221000
2211111
2211111
0011111
0001111
Chokepoint:
Region 1: 31,4
Region 2: -4,5
wall from 6,9 to 6,3
1001000222211
2000000001000
2111111000011
2222222111122
2222222222222
2222222222222
2222222222222
2222222222222
2222222222222
2222222222222
0000000000000
4444444444444
4444444444444
Chokepoint:
Region 1: -3,36
Region 2: 14,-2
wall from 7,12 to 19,14
000000002222222222222222222
000000002222222222222210012
000000002222222222222210000
000000112222222222222210000
000000222222222222222210000
000000222222222222222200001
000011222222222222222200002
001222222222222222222200001
000122222222222222222200000
000022222222222222222210000
000022222222222222222221000
001121122222222222222210000
000121022222222222221000000
000010222222222222221000001
000000222222222222221000000
200000112222222222221000000
210001111122222222221000000
111111111111222222222210001
111111111111112222221000002
111111111111111122221000002
011111111111111111221000112
011111111111111111111000122
111111111111111111110000122
111111111111111111000000122
111111111111111110000000222
111111111111111121000000222
221111111111111122000000222
Chokepoint:
Region 1: 2,-17
Region 2: 3,11
wall from 2,2 to 3,2
22221
01221
00220
00221
11222
Chokepoint:
Region 1: 39,3
Region 2: 1,11
wall from 18,6 to 16,21
wall from 5,7 to 5,21
22222222100000000000000000001
22221010000000000000000000001
22221000000000000000000011011
22221000100000000000000022111
22221000010000100000001022111
22222100011111000010222222211
22222201111111001122222222211
22222211111111111222222222221
22222211111111112222222222221
22222211111111112222222222222
22222211111111112222222222222
22222211111111112222222222222
22222211111111112222222222222
22222211111111112222222222222
22222211111111112222222222222
22222211111111112222222222222
22222211111111112222222222222
22222211111111112222222222222
22222211111111112222222222222
22222211111111112222222222222
22222211111111112222222222222
22222210022221012222222222221
22221000122221001000222211011
22100011222222000000001000000
10001122222222111111000011110
00112222222222222222111122221
11222222222222222222222222222
22222222222222222222222222222
22222222222222222222222222222
